Longitude	Depth	Chla
1	-60.2997	5	0.04
2	-60.2997	10	0.04
3	-60.2997	15	0.04
4	-60.2997	20	0.04
5	-60.2997	25	0.04
6	-60.2997	30	0.04
7	-60.2997	35	0.04
8	-60.2997	40	0.04
9	-60.2997	45	0.04
10	-60.2997	50	0.04
11	-60.2997	55	0.05
12	-60.2997	60	0.06
13	-60.2997	65	0.07
14	-60.2997	70	0.08
15	-60.2997	75	0.1
16	-60.2997	80	0.13
17	-60.2997	85	0.11
18	-60.2997	90	0.07
19	-60.2997	95	0.05
20	-60.2997	100	0.05
21	-60.2997	105	0.04
22	-60.2997	110	0.04
23	-60.2997	115	0.04
24	-60.2997	120	0.03
25	-60.2997	125	0.03
26	-60.2997	130	0.03
27	-60.2997	135	0.03
28	-60.2997	140	0.03
29	-60.2997	145	0.04
30	-60.2997	150	0.03
31	-60.2997	155	0.03
32	-60.2997	160	0.03
33	-60.2997	165	0.03
34	-60.2997	170	0.03
35	-60.2997	175	0.03
36	-60.2997	180	0.03
37	-60.2997	185	0.03
38	-60.2997	190	0.03
39	-60.2997	195	0.03
40	-60.2997	200	0.03
41	-60.1195	5	0.04
42	-60.1195	10	0.04
43	-60.1195	15	0.04
44	-60.1195	20	0.04
45	-60.1195	25	0.04
46	-60.1195	30	0.04
47	-60.1195	35	0.05
48	-60.1195	40	0.05
49	-60.1195	45	0.06
50	-60.1195	50	0.06
51	-60.1195	55	0.06
52	-60.1195	60	0.08
53	-60.1195	65	0.09
54	-60.1195	70	0.11
55	-60.1195	75	0.11
56	-60.1195	80	0.1
57	-60.1195	85	0.09
58	-60.1195	90	0.07
59	-60.1195	95	0.06
60	-60.1195	100	0.05
61	-60.1195	105	0.05
62	-60.1195	110	0.04
63	-60.1195	115	0.04
64	-60.1195	120	0.04
65	-60.1195	125	0.04
66	-60.1195	130	0.04
67	-60.1195	135	0.04
68	-60.1195	140	0.04
69	-60.1195	145	0.04
70	-60.1195	150	0.04
71	-60.1195	155	0.04
72	-60.1195	160	0.04
73	-60.1195	165	0.04
74	-60.1195	170	0.04
75	-60.1195	175	0.03
76	-60.1195	180	0.03
77	-60.1195	185	0.03
78	-60.1195	190	0.03
79	-60.1195	195	0.03
80	-60.1195	200	0.03
81	-58.7107	5	0.04
82	-58.7107	10	0.04
83	-58.7107	15	0.04
84	-58.7107	20	0.04
85	-58.7107	25	0.04
86	-58.7107	30	0.04
87	-58.7107	35	0.05
88	-58.7107	40	0.05
89	-58.7107	45	0.06
90	-58.7107	50	0.09
91	-58.7107	55	0.09
92	-58.7107	60	0.08
93	-58.7107	65	0.07
94	-58.7107	70	0.08
95	-58.7107	75	0.07
96	-58.7107	80	0.07
97	-58.7107	85	0.06
98	-58.7107	90	0.07
99	-58.7107	95	0.06
100	-58.7107	100	0.06
101	-58.7107	105	0.05
102	-58.7107	110	0.05
103	-58.7107	115	0.05
104	-58.7107	120	0.05
105	-58.7107	125	0.05
106	-58.7107	130	0.04
107	-58.7107	135	0.04
108	-58.7107	140	0.04
109	-58.7107	145	0.04
110	-58.7107	150	0.04
111	-58.7107	155	0.04
112	-58.7107	160	0.04
113	-58.7107	165	0.04
114	-58.7107	170	0.03
115	-58.7107	175	0.03
116	-58.7107	180	0.03
117	-58.7107	185	0.03
118	-58.7107	190	0.03
119	-58.7107	195	0.03
120	-58.7107	200	0.03
121	-58.3112	5	0.05
122	-58.3112	10	0.05
123	-58.3112	15	0.05
124	-58.3112	20	0.05
125	-58.3112	25	0.05
126	-58.3112	30	0.05
127	-58.3112	35	0.06
128	-58.3112	40	0.05
129	-58.3112	45	0.06
130	-58.3112	50	0.07
131	-58.3112	55	0.09
132	-58.3112	60	0.09
133	-58.3112	65	0.09
134	-58.3112	70	0.12
135	-58.3112	75	0.11
136	-58.3112	80	0.08
137	-58.3112	85	0.07
138	-58.3112	90	0.06
139	-58.3112	95	0.06
140	-58.3112	100	0.06
141	-58.3112	105	0.05
142	-58.3112	110	0.04
143	-58.3112	115	0.04
144	-58.3112	120	0.04
145	-58.3112	125	0.04
146	-58.3112	130	0.04
147	-58.3112	135	0.03
148	-58.3112	140	0.03
149	-58.3112	145	0.03
150	-58.3112	150	0.03
151	-58.3112	155	0.03
152	-58.3112	160	0.03
153	-58.3112	165	0.03
154	-58.3112	170	0.03
155	-58.3112	175	0.03
156	-58.3112	180	0.03
157	-58.3112	185	0.03
158	-58.3112	190	0.03
159	-58.3112	195	0.03
160	-58.3112	200	0.03
161	-57.5098	5	0.04
162	-57.5098	10	0.04
163	-57.5098	15	0.04
164	-57.5098	20	0.04
165	-57.5098	25	0.04
166	-57.5098	30	0.04
167	-57.5098	35	0.05
168	-57.5098	40	0.06
169	-57.5098	45	0.06
170	-57.5098	50	0.05
171	-57.5098	55	0.06
172	-57.5098	60	0.08
173	-57.5098	65	0.1
174	-57.5098	70	0.07
175	-57.5098	75	0.09
176	-57.5098	80	0.13
177	-57.5098	85	0.09
178	-57.5098	90	0.08
179	-57.5098	95	0.09
180	-57.5098	100	0.09
181	-57.5098	105	0.08
182	-57.5098	110	0.08
183	-57.5098	115	0.07
184	-57.5098	120	0.07
185	-57.5098	125	0.07
186	-57.5098	130	0.06
187	-57.5098	135	0.05
188	-57.5098	140	0.05
189	-57.5098	145	0.04
190	-57.5098	150	0.04
191	-57.5098	155	0.04
192	-57.5098	160	0.03
193	-57.5098	165	0.03
194	-57.5098	170	0.03
195	-57.5098	175	0.03
196	-57.5098	180	0.03
197	-57.5098	185	0.03
198	-57.5098	190	0.03
199	-57.5098	195	0.03
200	-57.5098	200	0.03
201	-56.75	5	0.03
202	-56.75	10	0.03
203	-56.75	15	0.03
204	-56.75	20	0.03
205	-56.75	25	0.04
206	-56.75	30	0.04
207	-56.75	35	0.04
208	-56.75	40	0.04
209	-56.75	45	0.04
210	-56.75	50	0.05
211	-56.75	55	0.05
212	-56.75	60	0.06
213	-56.75	65	0.07
214	-56.75	70	0.08
215	-56.75	75	0.15
216	-56.75	80	0.18
217	-56.75	85	0.17
218	-56.75	90	0.14
219	-56.75	95	0.11
220	-56.75	100	0.1
221	-56.75	105	0.08
222	-56.75	110	0.07
223	-56.75	115	0.06
224	-56.75	120	0.06
225	-56.75	125	0.05
226	-56.75	130	0.05
227	-56.75	135	0.05
228	-56.75	140	0.05
229	-56.75	145	0.04
230	-56.75	150	0.04
231	-56.75	155	0.04
232	-56.75	160	0.03
233	-56.75	165	0.03
234	-56.75	170	0.03
235	-56.75	175	0.03
236	-56.75	180	0.03
237	-56.75	185	0.03
238	-56.75	190	0.03
239	-56.75	195	0.03
240	-56.75	200	0.03
241	-55.2502	5	0.04
242	-55.2502	10	0.04
243	-55.2502	15	0.04
244	-55.2502	20	0.05
245	-55.2502	25	0.05
246	-55.2502	30	0.06
247	-55.2502	35	0.06
248	-55.2502	40	0.06
249	-55.2502	45	0.06
250	-55.2502	50	0.06
251	-55.2502	55	0.06
252	-55.2502	60	0.06
253	-55.2502	65	0.07
254	-55.2502	70	0.07
255	-55.2502	75	0.08
256	-55.2502	80	0.09
257	-55.2502	85	0.09
258	-55.2502	90	0.09
259	-55.2502	95	0.08
260	-55.2502	100	0.08
261	-55.2502	105	0.07
262	-55.2502	110	0.06
263	-55.2502	115	0.05
264	-55.2502	120	0.05
265	-55.2502	125	0.04
266	-55.2502	130	0.04
267	-55.2502	135	0.04
268	-55.2502	140	0.03
269	-55.2502	145	0.03
270	-55.2502	150	0.03
271	-55.2502	155	0.03
272	-55.2502	160	0.03
273	-55.2502	165	0.03
274	-55.2502	170	0.03
275	-55.2502	175	0.03
276	-55.2502	180	0.03
277	-55.2502	185	0.03
278	-55.2502	190	0.03
279	-55.2502	195	0.03
280	-55.2502	200	0.03
281	-54.4998	5	0.05
282	-54.4998	10	0.04
283	-54.4998	15	0.05
284	-54.4998	20	0.05
285	-54.4998	25	0.05
286	-54.4998	30	0.05
287	-54.4998	35	0.05
288	-54.4998	40	0.05
289	-54.4998	45	0.05
290	-54.4998	50	0.06
291	-54.4998	55	0.07
292	-54.4998	60	0.07
293	-54.4998	65	0.08
294	-54.4998	70	0.12
295	-54.4998	75	0.12
296	-54.4998	80	0.07
297	-54.4998	85	0.06
298	-54.4998	90	0.05
299	-54.4998	95	0.05
300	-54.4998	100	0.05
301	-54.4998	105	0.05
302	-54.4998	110	0.05
303	-54.4998	115	0.05
304	-54.4998	120	0.05
305	-54.4998	125	0.04
306	-54.4998	130	0.04
307	-54.4998	135	0.04
308	-54.4998	140	0.03
309	-54.4998	145	0.03
310	-54.4998	150	0.03
311	-54.4998	155	0.03
312	-54.4998	160	0.03
313	-54.4998	165	0.03
314	-54.4998	170	0.03
315	-54.4998	175	0.03
316	-54.4998	180	0.03
317	-54.4998	185	0.03
318	-54.4998	190	0.03
319	-54.4998	195	0.03
320	-54.4998	200	0.03
321	-50.75	5	0.03
322	-50.75	10	0.03
323	-50.75	15	0.03
324	-50.75	20	0.03
325	-50.75	25	0.03
326	-50.75	30	0.03
327	-50.75	35	0.03
328	-50.75	40	0.03
329	-50.75	45	0.03
330	-50.75	50	0.04
331	-50.75	55	0.04
332	-50.75	60	0.04
333	-50.75	65	0.04
334	-50.75	70	0.04
335	-50.75	75	0.05
336	-50.75	80	0.05
337	-50.75	85	0.05
338	-50.75	90	0.06
339	-50.75	95	0.06
340	-50.75	100	0.07
341	-50.75	105	0.07
342	-50.75	110	0.1
343	-50.75	115	0.13
344	-50.75	120	0.12
345	-50.75	125	0.1
346	-50.75	130	0.09
347	-50.75	135	0.08
348	-50.75	140	0.07
349	-50.75	145	0.06
350	-50.75	150	0.06
351	-50.75	155	0.05
352	-50.75	160	0.05
353	-50.75	165	0.05
354	-50.75	170	0.04
355	-50.75	175	0.04
356	-50.75	180	0.04
357	-50.75	185	0.03
358	-50.75	190	0.03
359	-50.75	195	0.03
360	-50.75	200	0.03
361	-49.2503	5	0.03
362	-49.2503	10	0.03
363	-49.2503	15	0.03
364	-49.2503	20	0.03
365	-49.2503	25	0.03
366	-49.2503	30	0.03
367	-49.2503	35	0.03
368	-49.2503	40	0.04
369	-49.2503	45	0.04
370	-49.2503	50	0.04
371	-49.2503	55	0.04
372	-49.2503	60	0.04
373	-49.2503	65	0.05
374	-49.2503	70	0.06
375	-49.2503	75	0.06
376	-49.2503	80	0.06
377	-49.2503	85	0.07
378	-49.2503	90	0.07
379	-49.2503	95	0.08
380	-49.2503	100	0.1
381	-49.2503	105	0.1
382	-49.2503	110	0.09
383	-49.2503	115	0.09
384	-49.2503	120	0.08
385	-49.2503	125	0.07
386	-49.2503	130	0.06
387	-49.2503	135	0.06
388	-49.2503	140	0.05
389	-49.2503	145	0.05
390	-49.2503	150	0.05
391	-49.2503	155	0.04
392	-49.2503	160	0.04
393	-49.2503	165	0.04
394	-49.2503	170	0.04
395	-49.2503	175	0.04
396	-49.2503	180	0.03
397	-49.2503	185	0.03
398	-49.2503	190	0.03
399	-49.2503	195	0.03
400	-49.2503	200	0.03
401	-47.0005	5	0.03
402	-47.0005	10	0.03
403	-47.0005	15	0.03
404	-47.0005	20	0.03
405	-47.0005	25	0.03
406	-47.0005	30	0.03
407	-47.0005	35	0.03
408	-47.0005	40	0.03
409	-47.0005	45	0.03
410	-47.0005	50	0.04
411	-47.0005	55	0.04
412	-47.0005	60	0.04
413	-47.0005	65	0.04
414	-47.0005	70	0.05
415	-47.0005	75	0.05
416	-47.0005	80	0.05
417	-47.0005	85	0.05
418	-47.0005	90	0.06
419	-47.0005	95	0.06
420	-47.0005	100	0.07
421	-47.0005	105	0.07
422	-47.0005	110	0.11
423	-47.0005	115	0.12
424	-47.0005	120	0.1
425	-47.0005	125	0.08
426	-47.0005	130	0.07
427	-47.0005	135	0.06
428	-47.0005	140	0.06
429	-47.0005	145	0.06
430	-47.0005	150	0.06
431	-47.0005	155	0.05
432	-47.0005	160	0.05
433	-47.0005	165	0.04
434	-47.0005	170	0.03
435	-47.0005	175	0.03
436	-47.0005	180	0.03
437	-47.0005	185	0.03
438	-47.0005	190	0.03
439	-47.0005	195	0.03
440	-47.0005	200	0.03
441	-46.25	5	0.03
442	-46.25	10	0.03
443	-46.25	15	0.03
444	-46.25	20	0.03
445	-46.25	25	0.03
446	-46.25	30	0.03
447	-46.25	35	0.03
448	-46.25	40	0.03
449	-46.25	45	0.03
450	-46.25	50	0.03
451	-46.25	55	0.03
452	-46.25	60	0.03
453	-46.25	65	0.03
454	-46.25	70	0.04
455	-46.25	75	0.04
456	-46.25	80	0.04
457	-46.25	85	0.04
458	-46.25	90	0.05
459	-46.25	95	0.05
460	-46.25	100	0.06
461	-46.25	105	0.06
462	-46.25	110	0.08
463	-46.25	115	0.12
464	-46.25	120	0.12
465	-46.25	125	0.1
466	-46.25	130	0.07
467	-46.25	135	0.06
468	-46.25	140	0.05
469	-46.25	145	0.05
470	-46.25	150	0.04
471	-46.25	155	0.04
472	-46.25	160	0.04
473	-46.25	165	0.04
474	-46.25	170	0.04
475	-46.25	175	0.04
476	-46.25	180	0.04
477	-46.25	185	0.03
478	-46.25	190	0.03
479	-46.25	195	0.03
480	-46.25	200	0.03
481	-42.5	5	0.03
482	-42.5	10	0.03
483	-42.5	15	0.03
484	-42.5	20	0.03
485	-42.5	25	0.03
486	-42.5	30	0.03
487	-42.5	35	0.03
488	-42.5	40	0.04
489	-42.5	45	0.04
490	-42.5	50	0.04
491	-42.5	55	0.04
492	-42.5	60	0.05
493	-42.5	65	0.05
494	-42.5	70	0.05
495	-42.5	75	0.05
496	-42.5	80	0.06
497	-42.5	85	0.06
498	-42.5	90	0.06
499	-42.5	95	0.07
500	-42.5	100	0.07
501	-42.5	105	0.08
502	-42.5	110	0.09
503	-42.5	115	0.11
504	-42.5	120	0.11
505	-42.5	125	0.08
506	-42.5	130	0.06
507	-42.5	135	0.06
508	-42.5	140	0.05
509	-42.5	145	0.05
510	-42.5	150	0.05
511	-42.5	155	0.04
512	-42.5	160	0.04
513	-42.5	165	0.04
514	-42.5	170	0.04
515	-42.5	175	0.03
516	-42.5	180	0.03
517	-42.5	185	0.03
518	-42.5	190	0.03
519	-42.5	195	0.03
520	-42.5	200	0.03
521	-41.7503	5	0.03
522	-41.7503	10	0.03
523	-41.7503	15	0.03
524	-41.7503	20	0.03
525	-41.7503	25	0.03
526	-41.7503	30	0.03
527	-41.7503	35	0.03
528	-41.7503	40	0.03
529	-41.7503	45	0.03
530	-41.7503	50	0.04
531	-41.7503	55	0.04
532	-41.7503	60	0.04
533	-41.7503	65	0.04
534	-41.7503	70	0.05
535	-41.7503	75	0.05
536	-41.7503	80	0.06
537	-41.7503	85	0.06
538	-41.7503	90	0.07
539	-41.7503	95	0.07
540	-41.7503	100	0.08
541	-41.7503	105	0.09
542	-41.7503	110	0.1
543	-41.7503	115	0.1
544	-41.7503	120	0.09
545	-41.7503	125	0.08
546	-41.7503	130	0.07
547	-41.7503	135	0.06
548	-41.7503	140	0.06
549	-41.7503	145	0.05
550	-41.7503	150	0.05
551	-41.7503	155	0.05
552	-41.7503	160	0.04
553	-41.7503	165	0.04
554	-41.7503	170	0.04
555	-41.7503	175	0.04
556	-41.7503	180	0.03
557	-41.7503	185	0.03
558	-41.7503	190	0.03
559	-41.7503	195	0.03
560	-41.7503	200	0.03
561	-40.2502	5	0.02
562	-40.2502	10	0.03
563	-40.2502	15	0.03
564	-40.2502	20	0.03
565	-40.2502	25	0.03
566	-40.2502	30	0.03
567	-40.2502	35	0.03
568	-40.2502	40	0.03
569	-40.2502	45	0.04
570	-40.2502	50	0.04
571	-40.2502	55	0.04
572	-40.2502	60	0.04
573	-40.2502	65	0.04
574	-40.2502	70	0.05
575	-40.2502	75	0.05
576	-40.2502	80	0.05
577	-40.2502	85	0.07
578	-40.2502	90	0.09
579	-40.2502	95	0.12
580	-40.2502	100	0.15
581	-40.2502	105	0.19
582	-40.2502	110	0.19
583	-40.2502	115	0.15
584	-40.2502	120	0.11
585	-40.2502	125	0.09
586	-40.2502	130	0.07
587	-40.2502	135	0.06
588	-40.2502	140	0.06
589	-40.2502	145	0.05
590	-40.2502	150	0.05
591	-40.2502	155	0.04
592	-40.2502	160	0.04
593	-40.2502	165	0.04
594	-40.2502	170	0.04
595	-40.2502	175	0.03
596	-40.2502	180	0.03
597	-40.2502	185	0.03
598	-40.2502	190	0.03
599	-40.2502	195	0.03
600	-40.2502	200	0.03
601	-39.5002	5	0.03
602	-39.5002	10	0.03
603	-39.5002	15	0.03
604	-39.5002	20	0.03
605	-39.5002	25	0.03
606	-39.5002	30	0.03
607	-39.5002	35	0.03
608	-39.5002	40	0.03
609	-39.5002	45	0.03
610	-39.5002	50	0.04
611	-39.5002	55	0.04
612	-39.5002	60	0.04
613	-39.5002	65	0.04
614	-39.5002	70	0.06
615	-39.5002	75	0.07
616	-39.5002	80	0.07
617	-39.5002	85	0.09
618	-39.5002	90	0.15
619	-39.5002	95	0.18
620	-39.5002	100	0.18
621	-39.5002	105	0.16
622	-39.5002	110	0.12
623	-39.5002	115	0.1
624	-39.5002	120	0.08
625	-39.5002	125	0.08
626	-39.5002	130	0.07
627	-39.5002	135	0.06
628	-39.5002	140	0.06
629	-39.5002	145	0.06
630	-39.5002	150	0.05
631	-39.5002	155	0.05
632	-39.5002	160	0.05
633	-39.5002	165	0.04
634	-39.5002	170	0.04
635	-39.5002	175	0.04
636	-39.5002	180	0.04
637	-39.5002	185	0.04
638	-39.5002	190	0.03
639	-39.5002	195	0.03
640	-39.5002	200	0.03
641	-35.7502	5	0
642	-35.7502	10	0
643	-35.7502	15	0
644	-35.7502	20	0
645	-35.7502	25	0
646	-35.7502	30	0
647	-35.7502	35	0
648	-35.7502	40	0
649	-35.7502	45	0
650	-35.7502	50	0
651	-35.7502	55	0
652	-35.7502	60	0
653	-35.7502	65	0
654	-35.7502	70	0
655	-35.7502	75	0
656	-35.7502	80	0
657	-35.7502	85	0
658	-35.7502	90	0
659	-35.7502	95	0
660	-35.7502	100	0
661	-35.7502	105	0
662	-35.7502	110	0
663	-35.7502	115	0
664	-35.7502	120	0
665	-35.7502	125	0
666	-35.7502	130	0
667	-35.7502	135	0
668	-35.7502	140	0
669	-35.7502	145	0
670	-35.7502	150	0
671	-35.7502	155	0
672	-35.7502	160	0
673	-35.7502	165	0
674	-35.7502	170	0
675	-35.7502	175	0
676	-35.7502	180	0
677	-35.7502	185	0
678	-35.7502	190	0
679	-35.7502	195	0
680	-35.7502	200	0
681	-35.0003	5	0.03
682	-35.0003	10	0.03
683	-35.0003	15	0.03
684	-35.0003	20	0.03
685	-35.0003	25	0.03
686	-35.0003	30	0.03
687	-35.0003	35	0.03
688	-35.0003	40	0.03
689	-35.0003	45	0.03
690	-35.0003	50	0.04
691	-35.0003	55	0.04
692	-35.0003	60	0.05
693	-35.0003	65	0.05
694	-35.0003	70	0.05
695	-35.0003	75	0.05
696	-35.0003	80	0.06
697	-35.0003	85	0.06
698	-35.0003	90	0.08
699	-35.0003	95	0.16
700	-35.0003	100	0.17
701	-35.0003	105	0.14
702	-35.0003	110	0.12
703	-35.0003	115	0.11
704	-35.0003	120	0.09
705	-35.0003	125	0.08
706	-35.0003	130	0.07
707	-35.0003	135	0.07
708	-35.0003	140	0.06
709	-35.0003	145	0.06
710	-35.0003	150	0.05
711	-35.0003	155	0.05
712	-35.0003	160	0.05
713	-35.0003	165	0.05
714	-35.0003	170	0.05
715	-35.0003	175	0.04
716	-35.0003	180	0.04
717	-35.0003	185	0.04
718	-35.0003	190	0.04
719	-35.0003	195	0.04
720	-35.0003	200	0.03
721	-32.751	5	0.03
722	-32.751	10	0.03
723	-32.751	15	0.03
724	-32.751	20	0.03
725	-32.751	25	0.03
726	-32.751	30	0.03
727	-32.751	35	0.03
728	-32.751	40	0.03
729	-32.751	45	0.03
730	-32.751	50	0.04
731	-32.751	55	0.04
732	-32.751	60	0.04
733	-32.751	65	0.05
734	-32.751	70	0.06
735	-32.751	75	0.07
736	-32.751	80	0.09
737	-32.751	85	0.09
738	-32.751	90	0.16
739	-32.751	95	0.17
740	-32.751	100	0.14
741	-32.751	105	0.12
742	-32.751	110	0.11
743	-32.751	115	0.11
744	-32.751	120	0.1
745	-32.751	125	0.09
746	-32.751	130	0.09
747	-32.751	135	0.08
748	-32.751	140	0.07
749	-32.751	145	0.06
750	-32.751	150	0.05
751	-32.751	155	0.04
752	-32.751	160	0.04
753	-32.751	165	0.04
754	-32.751	170	0.04
755	-32.751	175	0.04
756	-32.751	180	0.04
757	-32.751	185	0.03
758	-32.751	190	0.03
759	-32.751	195	0.03
760	-32.751	200	0.03
761	-32.0002	5	0.03
762	-32.0002	10	0.03
763	-32.0002	15	0.03
764	-32.0002	20	0.03
765	-32.0002	25	0.03
766	-32.0002	30	0.03
767	-32.0002	35	0.03
768	-32.0002	40	0.03
769	-32.0002	45	0.03
770	-32.0002	50	0.03
771	-32.0002	55	0.03
772	-32.0002	60	0.04
773	-32.0002	65	0.04
774	-32.0002	70	0.04
775	-32.0002	75	0.04
776	-32.0002	80	0.05
777	-32.0002	85	0.07
778	-32.0002	90	0.14
779	-32.0002	95	0.2
780	-32.0002	100	0.17
781	-32.0002	105	0.13
782	-32.0002	110	0.1
783	-32.0002	115	0.08
784	-32.0002	120	0.07
785	-32.0002	125	0.07
786	-32.0002	130	0.06
787	-32.0002	135	0.06
788	-32.0002	140	0.05
789	-32.0002	145	0.05
790	-32.0002	150	0.04
791	-32.0002	155	0.04
792	-32.0002	160	0.03
793	-32.0002	165	0.03
794	-32.0002	170	0.03
795	-32.0002	175	0.03
796	-32.0002	180	0.03
797	-32.0002	185	0.03
798	-32.0002	190	0.03
799	-32.0002	195	0.03
800	-32.0002	200	0.03
801	-31.2505	5	0.03
802	-31.2505	10	0.03
803	-31.2505	15	0.03
804	-31.2505	20	0.03
805	-31.2505	25	0.03
806	-31.2505	30	0.03
807	-31.2505	35	0.03
808	-31.2505	40	0.03
809	-31.2505	45	0.04
810	-31.2505	50	0.04
811	-31.2505	55	0.04
812	-31.2505	60	0.04
813	-31.2505	65	0.04
814	-31.2505	70	0.04
815	-31.2505	75	0.04
816	-31.2505	80	0.05
817	-31.2505	85	0.07
818	-31.2505	90	0.09
819	-31.2505	95	0.18
820	-31.2505	100	0.2
821	-31.2505	105	0.16
822	-31.2505	110	0.13
823	-31.2505	115	0.11
824	-31.2505	120	0.09
825	-31.2505	125	0.08
826	-31.2505	130	0.07
827	-31.2505	135	0.06
828	-31.2505	140	0.06
829	-31.2505	145	0.05
830	-31.2505	150	0.04
831	-31.2505	155	0.04
832	-31.2505	160	0.04
833	-31.2505	165	0.04
834	-31.2505	170	0.03
835	-31.2505	175	0.03
836	-31.2505	180	0.03
837	-31.2505	185	0.03
838	-31.2505	190	0.03
839	-31.2505	195	0.03
840	-31.2505	200	0.03
841	-30.5015	5	0.03
842	-30.5015	10	0.03
843	-30.5015	15	0.03
844	-30.5015	20	0.03
845	-30.5015	25	0.03
846	-30.5015	30	0.03
847	-30.5015	35	0.04
848	-30.5015	40	0.04
849	-30.5015	45	0.04
850	-30.5015	50	0.04
851	-30.5015	55	0.04
852	-30.5015	60	0.04
853	-30.5015	65	0.05
854	-30.5015	70	0.06
855	-30.5015	75	0.07
856	-30.5015	80	0.16
857	-30.5015	85	0.18
858	-30.5015	90	0.18
859	-30.5015	95	0.16
860	-30.5015	100	0.14
861	-30.5015	105	0.1
862	-30.5015	110	0.09
863	-30.5015	115	0.08
864	-30.5015	120	0.07
865	-30.5015	125	0.06
866	-30.5015	130	0.05
867	-30.5015	135	0.05
868	-30.5015	140	0.05
869	-30.5015	145	0.04
870	-30.5015	150	0.04
871	-30.5015	155	0.04
872	-30.5015	160	0.03
873	-30.5015	165	0.03
874	-30.5015	170	0.03
875	-30.5015	175	0.03
876	-30.5015	180	0.03
877	-30.5015	185	0.03
878	-30.5015	190	0.03
879	-30.5015	195	0.03
880	-30.5015	200	0.03
881	-29.0003	5	0.03
882	-29.0003	10	0.03
883	-29.0003	15	0.03
884	-29.0003	20	0.03
885	-29.0003	25	0.03
886	-29.0003	30	0.03
887	-29.0003	35	0.04
888	-29.0003	40	0.04
889	-29.0003	45	0.05
890	-29.0003	50	0.05
891	-29.0003	55	0.05
892	-29.0003	60	0.06
893	-29.0003	65	0.08
894	-29.0003	70	0.15
895	-29.0003	75	0.22
896	-29.0003	80	0.2
897	-29.0003	85	0.17
898	-29.0003	90	0.13
899	-29.0003	95	0.11
900	-29.0003	100	0.09
901	-29.0003	105	0.08
902	-29.0003	110	0.07
903	-29.0003	115	0.07
904	-29.0003	120	0.06
905	-29.0003	125	0.06
906	-29.0003	130	0.05
907	-29.0003	135	0.05
908	-29.0003	140	0.04
909	-29.0003	145	0.04
910	-29.0003	150	0.04
911	-29.0003	155	0.03
912	-29.0003	160	0.03
913	-29.0003	165	0.03
914	-29.0003	170	0.03
915	-29.0003	175	0.03
916	-29.0003	180	0.03
917	-29.0003	185	0.03
918	-29.0003	190	0.03
919	-29.0003	195	0.03
920	-29.0003	200	0.03
921	-28.2505	5	0.04
922	-28.2505	10	0.04
923	-28.2505	15	0.04
924	-28.2505	20	0.04
925	-28.2505	25	0.04
926	-28.2505	30	0.04
927	-28.2505	35	0.04
928	-28.2505	40	0.04
929	-28.2505	45	0.04
930	-28.2505	50	0.05
931	-28.2505	55	0.06
932	-28.2505	60	0.06
933	-28.2505	65	0.06
934	-28.2505	70	0.06
935	-28.2505	75	0.08
936	-28.2505	80	0.12
937	-28.2505	85	0.26
938	-28.2505	90	0.2
939	-28.2505	95	0.16
940	-28.2505	100	0.13
941	-28.2505	105	0.11
942	-28.2505	110	0.1
943	-28.2505	115	0.09
944	-28.2505	120	0.08
945	-28.2505	125	0.07
946	-28.2505	130	0.07
947	-28.2505	135	0.06
948	-28.2505	140	0.05
949	-28.2505	145	0.05
950	-28.2505	150	0.04
951	-28.2505	155	0.04
952	-28.2505	160	0.04
953	-28.2505	165	0.04
954	-28.2505	170	0.04
955	-28.2505	175	0.04
956	-28.2505	180	0.03
957	-28.2505	185	0.03
958	-28.2505	190	0.03
959	-28.2505	195	0.03
960	-28.2505	200	0.03
961	-26.7503	5	0.03
962	-26.7503	10	0.03
963	-26.7503	15	0.03
964	-26.7503	20	0.04
965	-26.7503	25	0.04
966	-26.7503	30	0.04
967	-26.7503	35	0.04
968	-26.7503	40	0.05
969	-26.7503	45	0.07
970	-26.7503	50	0.08
971	-26.7503	55	0.08
972	-26.7503	60	0.1
973	-26.7503	65	0.14
974	-26.7503	70	0.3
975	-26.7503	75	0.25
976	-26.7503	80	0.19
977	-26.7503	85	0.14
978	-26.7503	90	0.12
979	-26.7503	95	0.1
980	-26.7503	100	0.08
981	-26.7503	105	0.07
982	-26.7503	110	0.06
983	-26.7503	115	0.06
984	-26.7503	120	0.05
985	-26.7503	125	0.05
986	-26.7503	130	0.05
987	-26.7503	135	0.04
988	-26.7503	140	0.04
989	-26.7503	145	0.04
990	-26.7503	150	0.04
991	-26.7503	155	0.03
992	-26.7503	160	0.03
993	-26.7503	165	0.03
994	-26.7503	170	0.03
995	-26.7503	175	0.03
996	-26.7503	180	0.03
997	-26.7503	185	0.03
998	-26.7503	190	0.03
999	-26.7503	195	0.03
1000	-26.7503	200	0.03
1001	-26.0007	5	0.03
1002	-26.0007	10	0.03
1003	-26.0007	15	0.03
1004	-26.0007	20	0.04
1005	-26.0007	25	0.04
1006	-26.0007	30	0.05
1007	-26.0007	35	0.05
1008	-26.0007	40	0.06
1009	-26.0007	45	0.06
1010	-26.0007	50	0.07
1011	-26.0007	55	0.08
1012	-26.0007	60	0.1
1013	-26.0007	65	0.14
1014	-26.0007	70	0.17
1015	-26.0007	75	0.26
1016	-26.0007	80	0.2
1017	-26.0007	85	0.15
1018	-26.0007	90	0.13
1019	-26.0007	95	0.1
1020	-26.0007	100	0.09
1021	-26.0007	105	0.08
1022	-26.0007	110	0.07
1023	-26.0007	115	0.06
1024	-26.0007	120	0.05
1025	-26.0007	125	0.05
1026	-26.0007	130	0.05
1027	-26.0007	135	0.04
1028	-26.0007	140	0.04
1029	-26.0007	145	0.04
1030	-26.0007	150	0.04
1031	-26.0007	155	0.03
1032	-26.0007	160	0.03
1033	-26.0007	165	0.03
1034	-26.0007	170	0.03
1035	-26.0007	175	0.03
1036	-26.0007	180	0.03
1037	-26.0007	185	0.03
1038	-26.0007	190	0.03
1039	-26.0007	195	0.03
1040	-26.0007	200	0.03
1041	-22.2502	5	0.05
1042	-22.2502	10	0.06
1043	-22.2502	15	0.07
1044	-22.2502	20	0.08
1045	-22.2502	25	0.08
1046	-22.2502	30	0.09
1047	-22.2502	35	0.1
1048	-22.2502	40	0.11
1049	-22.2502	45	0.14
1050	-22.2502	50	0.24
1051	-22.2502	55	0.26
1052	-22.2502	60	0.2
1053	-22.2502	65	0.14
1054	-22.2502	70	0.11
1055	-22.2502	75	0.1
1056	-22.2502	80	0.08
1057	-22.2502	85	0.07
1058	-22.2502	90	0.07
1059	-22.2502	95	0.06
1060	-22.2502	100	0.06
1061	-22.2502	105	0.05
1062	-22.2502	110	0.05
1063	-22.2502	115	0.04
1064	-22.2502	120	0.04
1065	-22.2502	125	0.04
1066	-22.2502	130	0.04
1067	-22.2502	135	0.04
1068	-22.2502	140	0.04
1069	-22.2502	145	0.04
1070	-22.2502	150	0.04
1071	-22.2502	155	0.04
1072	-22.2502	160	0.04
1073	-22.2502	165	0.04
1074	-22.2502	170	0.04
1075	-22.2502	175	0.04
1076	-22.2502	180	0.04
1077	-22.2502	185	0.04
1078	-22.2502	190	0.04
1079	-22.2502	195	0.04
1080	-22.2502	200	0.04
1081	-21.501	5	0.09
1082	-21.501	10	0.09
1083	-21.501	15	0.12
1084	-21.501	20	0.13
1085	-21.501	25	0.16
1086	-21.501	30	0.39
1087	-21.501	35	0.24
1088	-21.501	40	0.19
1089	-21.501	45	0.15
1090	-21.501	50	0.11
1091	-21.501	55	0.09
1092	-21.501	60	0.08
1093	-21.501	65	0.07
1094	-21.501	70	0.06
1095	-21.501	75	0.06
1096	-21.501	80	0.05
1097	-21.501	85	0.05
1098	-21.501	90	0.05
1099	-21.501	95	0.04
1100	-21.501	100	0.04
1101	-21.501	105	0.04
1102	-21.501	110	0.04
1103	-21.501	115	0.04
1104	-21.501	120	0.04
1105	-21.501	125	0.04
1106	-21.501	130	0.04
1107	-21.501	135	0.04
1108	-21.501	140	0.04
1109	-21.501	145	0.04
1110	-21.501	150	0.04
1111	-21.501	155	0.04
1112	-21.501	160	0.04
1113	-21.501	165	0.04
1114	-21.501	170	0.04
1115	-21.501	175	0.04
1116	-21.501	180	0.04
1117	-21.501	185	0.04
1118	-21.501	190	0.04
1119	-21.501	195	0.04
1120	-21.501	200	0.04
