DATE	Depth_1m	Temp_deg_C	pH_units	Salinity_PSS	HDO_Sat	HDO_mg.l	Chl_ug.l	Turb_NTU	t.start	tide
1	04.27.2018	1	31.734	8.016	34.692	77.68	4.654	3.404	0	08:43:00	incoming
2	04.27.2018	2	31.74	8	34.72	76.2	4.56333333333333	3.59333333333333	0	08:43:00	incoming
3	04.27.2018	3	31.7466666666667	7.99666666666667	34.74	76.0666666666667	4.55333333333333	3.57666666666667	0.233333333333333	08:43:00	incoming
4	04.27.2018	4	31.7966666666667	7.97666666666667	34.7933333333333	72.0333333333333	4.30666666666667	3.77	0	08:43:00	incoming
5	04.27.2018	5	31.8366666666667	7.95666666666667	34.8466666666667	68.2	4.07333333333333	3.80666666666667	0	08:43:00	incoming
6	04.27.2018	6	32.17	7.83	35.08	53.9333333333333	3.20333333333333	5.88333333333333	0.233333333333333	08:43:00	incoming
7	04.27.2018	7	32.39	7.70333333333333	35.35	35.6666666666667	2.10666666666667	4.80666666666667	0.466666666666667	08:43:00	incoming
8	04.27.2018	8	32.3833333333333	7.70666666666667	35.4266666666667	30.6666666666667	1.81	5.03	1.13333333333333	08:43:00	incoming
9	04.27.2018	9	32.3433333333333	7.71333333333333	35.4533333333333	29.9	1.77	4.87	1.93333333333333	08:43:00	incoming
10	04.27.2018	10	32.3066666666667	7.71333333333333	35.4533333333333	29.5666666666667	1.74666666666667	5.11666666666667	2.3	08:43:00	incoming
11	04.27.2018	11	31.91	7.71	35.2666666666667	22.4	1.33333333333333	3.96666666666667	2	08:43:00	incoming
12	04.27.2018	12	30.1866666666667	7.88	34.4866666666667	24.9	1.53333333333333	1.68	1.36666666666667	08:43:00	incoming
13	04.27.2018	13	29.4733333333333	7.97333333333333	34.3266666666667	34.0666666666667	2.12	0.906666666666667	1	08:43:00	incoming
14	04.27.2018	14	29.4233333333333	7.98333333333333	34.28	37.9	2.36	0.906666666666667	1	08:43:00	incoming
15	04.27.2018	15	29.3466666666667	8.04666666666667	34.2866666666667	38.6	2.41	0.773333333333333	1.33333333333333	08:43:00	incoming
16	04.27.2018	16	29.2066666666667	7.95333333333333	34.1866666666667	44.6333333333333	2.79333333333333	0.67	2.46666666666667	08:43:00	incoming
17	04.27.2018	17	29.1566666666667	7.91333333333333	34.14	45.2666666666667	2.83333333333333	0.71	2.5	08:43:00	incoming
18	04.27.2018	18	29.0733333333333	7.90333333333333	34.12	49.2666666666667	3.09	0.626666666666667	2.6	08:43:00	incoming
19	04.27.2018	19	29.03	7.9	34.0866666666667	50.4666666666667	3.17	0.656666666666667	4.23333333333333	08:43:00	incoming
20	04.27.2018	20	29.018	7.898	34.106	50.52	3.17	0.622	3.62	08:43:00	incoming
21	04.28.2018	1	32.2066666666667	8.01	34.7933333333333	83.9	4.98666666666667	3.1	0.4	12:50:00	outgoing
22	04.28.2018	2	31.94	7.99	34.77	77.1	4.6	3.445	0	12:50:00	outgoing
23	04.28.2018	3	31.8733333333333	7.98	34.7633333333333	72.4	4.32333333333333	4.17333333333333	0	12:50:00	outgoing
24	04.28.2018	4	31.8466666666667	7.98	34.7833333333333	73.1666666666667	4.37333333333333	4.08333333333333	0	12:50:00	outgoing
25	04.28.2018	5	31.8266666666667	7.95333333333333	34.8166666666667	68.1	4.07333333333333	3.65333333333333	0	12:50:00	outgoing
26	04.28.2018	6	31.9033333333333	7.92	34.89	60.8666666666667	3.63333333333333	3.91333333333333	0.9	12:50:00	outgoing
27	04.28.2018	7	31.92	7.91	34.9233333333333	55.9666666666667	3.34	3.87333333333333	0	12:50:00	outgoing
28	04.28.2018	8	31.9666666666667	7.88333333333333	34.9666666666667	51.5333333333333	3.07333333333333	3.89	0.0333333333333333	12:50:00	outgoing
29	04.28.2018	9	32.05	7.85333333333333	35.0166666666667	48.8333333333333	2.90333333333333	4.00333333333333	0	12:50:00	outgoing
30	04.28.2018	10	32.1066666666667	7.8	35.0866666666667	38.8666666666667	2.31	3.4	0.0666666666666667	12:50:00	outgoing
31	04.28.2018	11	32.1133333333333	7.74	35.2133333333333	29.2666666666667	1.74	2.91	1	12:50:00	outgoing
32	04.28.2018	12	32.1025	7.7125	35.255	19.9	1.1775	2.5025	1.475	12:50:00	outgoing
33	04.28.2018	13	31.8333333333333	7.69	35.2233333333333	11.1666666666667	0.666666666666667	2.08	2.8	12:50:00	outgoing
34	04.28.2018	14	31.71	7.69	35.17	7.4	0.436666666666667	2.04	4.5	12:50:00	outgoing
35	04.28.2018	15	31.6633333333333	7.69333333333333	35.1333333333333	5.8	0.346666666666667	2.02666666666667	5.8	12:50:00	outgoing
36	04.28.2018	16	31.54	7.7	35.1	4.5	0.266666666666667	1.95333333333333	5.7	12:50:00	outgoing
37	04.28.2018	17	30.8766666666667	7.88	34.8633333333333	1.43333333333333	0.0866666666666667	1.47	6.8	12:50:00	outgoing
38	04.28.2018	18	30.7866666666667	7.93666666666667	34.8366666666667	0	0	1.37666666666667	7.7	12:50:00	outgoing
39	04.28.2018	19	30.6033333333333	7.91	34.7633333333333	0	0	1.31	8.13333333333333	12:50:00	outgoing
40	04.28.2018	20	30.19	7.9475	34.6425	0	0	1.1675	10.725	12:50:00	outgoing
41	04.30.2018	1	33.57	8.07666666666667	35.17	127.8	7.42333333333333	21.6933333333333	3.53333333333333	14:46:00	outgoing
42	04.30.2018	2	33.3833333333333	8.02666666666667	35.2366666666667	116.933333333333	6.80666666666667	12.9066666666667	2.1	14:46:00	outgoing
43	04.30.2018	3	32.87	7.88	35.195	76.7	4.5	6.915	0.9	14:46:00	outgoing
44	04.30.2018	4	32.81	7.87	35.1966666666667	67.2333333333333	3.94666666666667	7.07666666666667	0.333333333333333	14:46:00	outgoing
45	04.30.2018	5	32.84	7.87666666666667	35.1833333333333	62.6666666666667	3.68666666666667	7.43333333333333	0.566666666666667	14:46:00	outgoing
46	04.30.2018	6	32.615	7.825	35.185	48.2	2.84	5.59	1.4	14:46:00	outgoing
47	04.30.2018	7	32.5733333333333	7.80666666666667	35.16	42.2666666666667	2.49	5.11	0.266666666666667	14:46:00	outgoing
48	04.30.2018	8	32.4433333333333	7.79	35.1266666666667	39.1	2.31333333333333	4.58666666666667	1.43333333333333	14:46:00	outgoing
49	04.30.2018	9	32.355	7.77	35.145	32.3	1.91	3.78	0.1	14:46:00	outgoing
50	04.30.2018	10	32.2875	7.76	35.1175	27.2	1.61	3.3675	0.325	14:46:00	outgoing
51	04.30.2018	11	32.245	7.755	35.15	23.8	1.41	3.035	0.95	14:46:00	outgoing
52	04.30.2018	12	32.1333333333333	7.73666666666667	35.1	20.3666666666667	1.21	2.58666666666667	2.53333333333333	14:46:00	outgoing
53	04.30.2018	13	31.7733333333333	7.72	35	10.8333333333333	0.646666666666667	1.85666666666667	5.73333333333333	14:46:00	outgoing
54	04.30.2018	14	31.505	7.72	34.9475	3.4	0.205	1.365	7.025	14:46:00	outgoing
55	04.30.2018	15	31.365	7.73	34.91	1.25	0.07	1.21	7.8	14:46:00	outgoing
56	04.30.2018	16	31.39	7.73	34.95	1.775	0.105	1.245	7.125	14:46:00	outgoing
57	04.30.2018	17	31.4	7.73	34.9133333333333	1.83333333333333	0.11	1.30666666666667	8.76666666666667	14:46:00	outgoing
58	04.30.2018	18	31.36	7.74	34.92	1.125	0.065	1.3675	9.575	14:46:00	outgoing
59	04.30.2018	19	31.32	7.74333333333333	34.9033333333333	0.433333333333333	0.0233333333333333	1.28	10.2666666666667	14:46:00	outgoing
60	04.30.2018	20	31.31	7.76	34.9	0.1	0.005	1.27	10.675	14:46:00	outgoing
61	05.01.2018	1	33.3033333333333	8.06666666666667	35.0633333333333	129.233333333333	7.54	17.9366666666667	2.6	15:46:00	outgoing
62	05.01.2018	2	32.9666666666667	7.97	35.1	104.4	6.12333333333333	10.7433333333333	1.7	15:46:00	outgoing
63	05.01.2018	3	32.9366666666667	7.95666666666667	35.1033333333333	89	5.22	11.14	1.16666666666667	15:46:00	outgoing
64	05.01.2018	4	32.5666666666667	7.85666666666667	35.0933333333333	74.4333333333333	4.39	7.27	0.666666666666667	15:46:00	outgoing
65	05.01.2018	5	32.3033333333333	7.80666666666667	35.03	44.5666666666667	2.64	5.61333333333333	0.933333333333333	15:46:00	outgoing
66	05.01.2018	6	32.2833333333333	7.79666666666667	35.0233333333333	41.2	2.44	5.00333333333333	0.366666666666667	15:46:00	outgoing
67	05.01.2018	7	32.34	7.79666666666667	35.08	38.9666666666667	2.30666666666667	5.07666666666667	1.56666666666667	15:46:00	outgoing
68	05.01.2018	8	32.0233333333333	7.77333333333333	34.9933333333333	32.0666666666667	1.91	3.51333333333333	0	15:46:00	outgoing
69	05.01.2018	9	31.87	7.7725	34.9475	26.925	1.6025	3.2875	0.625	15:46:00	outgoing
70	05.01.2018	10	31.6166666666667	7.75333333333333	34.9033333333333	17.6666666666667	1.05666666666667	2.42666666666667	0.333333333333333	15:46:00	outgoing
71	05.01.2018	11	31.685	7.755	34.92	17.95	1.07	2.67	0.75	15:46:00	outgoing
72	05.01.2018	12	31.4866666666667	7.74333333333333	34.8433333333333	13.7	0.82	2.35666666666667	1.26666666666667	15:46:00	outgoing
73	05.01.2018	13	31.2633333333333	7.75333333333333	34.7866666666667	12.0333333333333	0.723333333333333	1.53	0.8	15:46:00	outgoing
74	05.01.2018	14	31.1766666666667	7.75833333333333	34.77	11.1666666666667	0.67	1.355	1.2	15:46:00	outgoing
75	05.01.2018	15	31.1333333333333	7.75333333333333	34.7733333333333	9.43333333333333	0.566666666666667	1.43666666666667	1.43333333333333	15:46:00	outgoing
76	05.01.2018	16	31.09	7.755	34.725	9.55	0.575	1.33	2.5	15:46:00	outgoing
77	05.01.2018	17	31.0966666666667	7.75333333333333	34.7566666666667	8.46666666666667	0.51	1.37666666666667	2.76666666666667	15:46:00	outgoing
78	05.01.2018	18	31.0833333333333	7.76	34.7433333333333	7.2	0.433333333333333	1.26	3.7	15:46:00	outgoing
79	05.01.2018	19	31.0233333333333	7.76	34.7266666666667	7.83333333333333	0.473333333333333	1.39666666666667	4.2	15:46:00	outgoing
80	05.01.2018	20	30.995	7.76	34.71	6.975	0.4225	1.2425	5.2	15:46:00	outgoing
81	05.02.2018	1	32.27	8.01666666666667	34.84	83.7666666666667	4.97333333333333	7.48333333333333	0.566666666666667	08:23:00	incoming
82	05.02.2018	2	32.24	7.99333333333333	34.8866666666667	77.5	4.6	8.49333333333333	0.1	08:23:00	incoming
83	05.02.2018	3	32.2333333333333	7.98333333333333	34.91	74.1666666666667	4.40333333333333	7.41333333333333	0	08:23:00	incoming
84	05.02.2018	4	32.21	7.97	34.9133333333333	71.3333333333333	4.23666666666667	7.61333333333333	0	08:23:00	incoming
85	05.02.2018	5	32.15	7.92333333333333	34.9066666666667	58.4	3.47333333333333	7.65333333333333	0	08:23:00	incoming
86	05.02.2018	6	32.0466666666667	7.87666666666667	34.89	44.4333333333333	2.64666666666667	6.41333333333333	0	08:23:00	incoming
87	05.02.2018	7	31.8066666666667	7.89333333333333	34.8666666666667	43.3333333333333	2.59333333333333	4.33	0.0333333333333333	08:23:00	incoming
88	05.02.2018	8	31.5266666666667	7.89	34.73	39.7333333333333	2.38666666666667	3.27	0	08:23:00	incoming
89	05.02.2018	9	31.2933333333333	7.86	34.7466666666667	32	1.92666666666667	2.05333333333333	0.1	08:23:00	incoming
90	05.02.2018	10	30.8833333333333	7.91666666666667	34.61	35.4666666666667	2.15333333333333	1.29	0	08:23:00	incoming
91	05.02.2018	11	30.6433333333333	7.93666666666667	34.51	37.3333333333333	2.27666666666667	0.943333333333333	0	08:23:00	incoming
92	05.02.2018	12	30.44	7.95	34.4333333333333	37.85	2.32	0.87	0.4	08:23:00	incoming
93	05.02.2018	13	30.3833333333333	7.95666666666667	34.4133333333333	38.5	2.365	0.94	0.2	08:23:00	incoming
94	05.02.2018	14	30.2966666666667	7.97666666666667	34.4166666666667	40.1666666666667	2.46333333333333	0.76	0.233333333333333	08:23:00	incoming
95	05.02.2018	15	30.21	7.98	34.3866666666667	42.5333333333333	2.61666666666667	0.763333333333333	0.4	08:23:00	incoming
96	05.02.2018	16	30.0733333333333	8.01333333333333	34.3133333333333	47.2333333333333	2.91333333333333	0.696666666666667	0.2	08:23:00	incoming
97	05.02.2018	17	30.05	8.03333333333333	34.2533333333333	49.9333333333333	3.08	0.716666666666667	0.0333333333333333	08:23:00	incoming
98	05.02.2018	18	30.03	8.04333333333333	34.3033333333333	50.1	3.09	0.656666666666667	3.3	08:23:00	incoming
99	05.02.2018	19	29.9166666666667	8.11333333333333	34.2033333333333	55.1666666666667	3.41333333333333	0.656666666666667	0.7	08:23:00	incoming
100	05.02.2018	20	29.9175	8.0775	34.2475	55.325	3.42	0.75	1.275	08:23:00	incoming
101	05.03.2018	1	33.1533333333333	8.16666666666667	34.8266666666667	128	7.5	14.79	1.16666666666667	15:58:00	outgoing
102	05.03.2018	2	32.8133333333333	8.10666666666667	34.81	115.933333333333	6.82666666666667	10.6566666666667	0.4	15:58:00	outgoing
103	05.03.2018	3	32.7666666666667	8.09666666666667	34.7733333333333	108.966666666667	6.42333333333333	9.49333333333333	0.166666666666667	15:58:00	outgoing
104	05.03.2018	4	32.4266666666667	8.06	34.7566666666667	95.2	5.64	9.77333333333333	0.1	15:58:00	outgoing
105	05.03.2018	5	31.8866666666667	8	34.75	70.4666666666667	4.21	8.64	0	15:58:00	outgoing
106	05.03.2018	6	31.5933333333333	7.97666666666667	34.6633333333333	60.8666666666667	3.65666666666667	5.79333333333333	1.26666666666667	15:58:00	outgoing
107	05.03.2018	7	31.44	7.96	34.61	49.8333333333333	3	5.08	0.166666666666667	15:58:00	outgoing
108	05.03.2018	8	31.1566666666667	7.95333333333333	34.5433333333333	44.6333333333333	2.69666666666667	3.99	0	15:58:00	outgoing
109	05.03.2018	9	30.896	7.95	34.508	40.92	2.482	2.508	0.46	15:58:00	outgoing
110	05.03.2018	10	30.678	7.95	34.272	38.5	2.35	1.892	0	15:58:00	outgoing
111	05.03.2018	11	30.6275	7.9475	34.4575	37.2	2.2725	2.005	0.8	15:58:00	outgoing
112	05.03.2018	12	30.5066666666667	7.95666666666667	34.43	36.8666666666667	2.25333333333333	1.79666666666667	0.333333333333333	15:58:00	outgoing
113	05.03.2018	13	30.3733333333333	7.96	34.38	35.8666666666667	2.2	1.34333333333333	0.2	15:58:00	outgoing
114	05.03.2018	14	30.2433333333333	7.95	34.35	31.6666666666667	1.94333333333333	0.993333333333333	0.733333333333333	15:58:00	outgoing
115	05.03.2018	15	30.14	7.97666666666667	34.3133333333333	33.25	2.045	0.833333333333333	0.2	15:58:00	outgoing
116	05.03.2018	16	30	7.99	34.2566666666667	36	2.22333333333333	0.703333333333333	1.63333333333333	15:58:00	outgoing
117	05.03.2018	17	29.9566666666667	7.99	34.2433333333333	36.4666666666667	2.25333333333333	0.92	1.7	15:58:00	outgoing
118	05.03.2018	18	29.9533333333333	7.99	34.24	35.5666666666667	2.19666666666667	0.853333333333333	1.93333333333333	15:58:00	outgoing
119	05.03.2018	19	29.9466666666667	7.99	34.2533333333333	34.9666666666667	2.16	0.81	3.06666666666667	15:58:00	outgoing
120	05.03.2018	20	29.9466666666667	7.99	34.2733333333333	34.6333333333333	2.13666666666667	0.74	3.13333333333333	15:58:00	outgoing
121	05.04.2018	1	32.255	8.035	34.42	85.2	5.07	3.835	0.05	09:10:00	incoming
122	05.04.2018	2	32.0866666666667	8	34.7233333333333	76.0333333333333	4.53	4.17	0.0333333333333333	09:10:00	incoming
123	05.04.2018	3	31.9366666666667	7.97666666666667	34.7233333333333	64.6333333333333	3.85666666666667	3.48333333333333	0	09:10:00	incoming
124	05.04.2018	4	31.7466666666667	7.95	34.7333333333333	54.5666666666667	3.26333333333333	3.24666666666667	0.5	09:10:00	incoming
125	05.04.2018	5	31.5666666666667	7.93333333333333	34.66	46.5666666666667	2.79666666666667	3.64	0	09:10:00	incoming
126	05.04.2018	6	31.1566666666667	7.95333333333333	34.5866666666667	43.1666666666667	2.61333333333333	2.65	0	09:10:00	incoming
127	05.04.2018	7	30.8666666666667	7.96	34.49	41.0333333333333	2.49333333333333	2.03	0	09:10:00	incoming
128	05.04.2018	8	30.4666666666667	7.99666666666667	34.41	42.8	2.62	1.26	1.23333333333333	09:10:00	incoming
129	05.04.2018	9	30.4566666666667	8	34.3933333333333	44.95	2.755	1.61	0.5	09:10:00	incoming
130	05.04.2018	10	30.31	8.0175	34.3575	48.175	2.9575	1.525	1.325	09:10:00	incoming
131	05.04.2018	11	30.0533333333333	8.04666666666667	34.2733333333333	51.8333333333333	3.19666666666667	1.44666666666667	0.5	09:10:00	incoming
132	05.04.2018	12	29.67	8.10333333333333	34.1633333333333	60.9666666666667	3.78666666666667	1.24666666666667	0.3	09:10:00	incoming
133	05.04.2018	13	29.58	8.12666666666667	34.1566666666667	69.0666666666667	4.29333333333333	1.28666666666667	1.33333333333333	09:10:00	incoming
134	05.04.2018	14	29.4533333333333	8.14666666666667	34.12	74.4666666666667	4.64	1.32333333333333	0.233333333333333	09:10:00	incoming
135	05.04.2018	15	29.4033333333333	8.15	34.08	76.5666666666667	4.77666666666667	1.13	0.833333333333333	09:10:00	incoming
136	05.04.2018	16	29.3233333333333	8.19	34.0866666666667	78.0666666666667	4.87666666666667	1.27333333333333	0.966666666666667	09:10:00	incoming
137	05.04.2018	17	29.2633333333333	8.13666666666667	34.0933333333333	80.3333333333333	5.02333333333333	1.17666666666667	1.16666666666667	09:10:00	incoming
138	05.04.2018	18	29.1866666666667	8.07333333333333	34.0666666666667	81.8333333333333	5.12333333333333	1.27666666666667	2.86666666666667	09:10:00	incoming
139	05.04.2018	19	29.14	8.085	34.07	83.2	5.21	1.15	1.65	09:10:00	incoming
140	05.04.2018	20	29.092	8.078	34.038	84.66	5.31	1.408	2.42	09:10:00	incoming
141	05.05.2018	1	31.615	8.13	34.42	97.95	5.89	1.865	0	09:40:00	incoming
142	05.05.2018	2	31.5733333333333	8.12333333333333	34.48	96.9	5.82666666666667	2.09666666666667	0	09:40:00	incoming
143	05.05.2018	3	31.5333333333333	8.11333333333333	34.5033333333333	91.6	5.51333333333333	2.43666666666667	0	09:40:00	incoming
144	05.05.2018	4	31.5266666666667	8.12	34.52	91.3	5.49333333333333	2.74666666666667	0	09:40:00	incoming
145	05.05.2018	5	31.44	8.10666666666667	34.4866666666667	87.8	5.29333333333333	2.39333333333333	0	09:40:00	incoming
146	05.05.2018	6	31.3966666666667	8.10666666666667	34.5066666666667	84.0333333333333	5.06666666666667	2.75	0	09:40:00	incoming
147	05.05.2018	7	31.3366666666667	8.09333333333333	34.45	82.2666666666667	4.96666666666667	2.45333333333333	0	09:40:00	incoming
148	05.05.2018	8	31.2133333333333	8.09	34.45	80.7666666666667	4.88666666666667	2.79333333333333	0	09:40:00	incoming
149	05.05.2018	9	31.1933333333333	8.09666666666667	34.47	83.2666666666667	5.04	3.24	0.1	09:40:00	incoming
150	05.05.2018	10	31.01	8.07666666666667	34.4333333333333	78.6333333333333	4.77333333333333	2.98333333333333	0.2	09:40:00	incoming
151	05.05.2018	11	30.1016666666667	8.085	34.2366666666667	69.3666666666667	4.275	2.05166666666667	0.0333333333333333	09:40:00	incoming
152	05.05.2018	12	29.73	8.07333333333333	34.1433333333333	60.9	3.77666666666667	1.35666666666667	0	09:40:00	incoming
153	05.05.2018	13	29.5166666666667	8.1	34.1233333333333	63.6	3.96	0.92	0	09:40:00	incoming
154	05.05.2018	14	29.4166666666667	8.11	34.09	65.2666666666667	4.07	0.596666666666667	0	09:40:00	incoming
155	05.05.2018	15	29.4066666666667	8.11	34.13	66.2	4.12666666666667	0.56	0	09:40:00	incoming
156	05.05.2018	16	29.3866666666667	8.11	34.0833333333333	66.6	4.15833333333333	1.245	0	09:40:00	incoming
157	05.05.2018	17	29.3633333333333	8.11	34.08	66.8333333333333	4.17333333333333	0.656666666666667	0	09:40:00	incoming
158	05.05.2018	18	29.3533333333333	8.13	34.1133333333333	66.6333333333333	4.16	0.653333333333333	0	09:40:00	incoming
159	05.05.2018	19	29.3333333333333	8.00666666666667	34.0866666666667	66.2	4.13333333333333	0.706666666666667	0	09:40:00	incoming
160	05.05.2018	20	29.2933333333333	8.01666666666667	34.0833333333333	65.3	4.08333333333333	0.516666666666667	0.9	09:40:00	incoming
161	05.07.2018	1	31.1866666666667	8.05666666666667	33.4933333333333	104.033333333333	6.32666666666667	0.93	0	16:01:00	outgoing
162	05.07.2018	2	31.185	8.065	33.52	104.25	6.34	0.98	0	16:01:00	outgoing
163	05.07.2018	3	31.1766666666667	8.07	33.5533333333333	104.266666666667	6.34	0.923333333333333	0	16:01:00	outgoing
164	05.07.2018	4	31.19	8.07	33.5766666666667	103.9	6.31666666666667	0.92	0	16:01:00	outgoing
165	05.07.2018	5	31.16	8.08	33.5966666666667	103.9	6.32	0.833333333333333	0	16:01:00	outgoing
166	05.07.2018	6	30.85	8.09666666666667	33.57	107.533333333333	6.57666666666667	0.68	0	16:01:00	outgoing
167	05.07.2018	7	30.645	8.09	33.645	104.65	6.415	0.695	0	16:01:00	outgoing
168	05.07.2018	8	30.635	8.08	33.645	99.2	6.08	0.72	0	16:01:00	outgoing
169	05.07.2018	9	30.6333333333333	8.07333333333333	33.6866666666667	97.6666666666667	5.98666666666667	0.726666666666667	0	16:01:00	outgoing
170	05.07.2018	10	30.6133333333333	8.05666666666667	33.68	90.8666666666667	5.57666666666667	0.64	0	16:01:00	outgoing
171	05.07.2018	11	30.532	8.008	33.756	77.96	4.786	0.648	0.02	16:01:00	outgoing
172	05.07.2018	12	30.5166666666667	8	33.7633333333333	72.3666666666667	4.44	0.41	0.133333333333333	16:01:00	outgoing
173	05.07.2018	13	30.4833333333333	7.98666666666667	33.7766666666667	67.4	4.14	0.57	0	16:01:00	outgoing
174	05.07.2018	14	30.43	7.96	33.7566666666667	59.9666666666667	3.68666666666667	0.44	0	16:01:00	outgoing
175	05.07.2018	15	30.365	7.89	33.82	43.95	2.7	0.425	0	16:01:00	outgoing
176	05.07.2018	16	30.0866666666667	7.86333333333333	33.77	28.3666666666667	1.75	0.356666666666667	0.0666666666666667	16:01:00	outgoing
177	05.07.2018	17	30.065	7.87	33.76	25.7	1.59	0.435	0.05	16:01:00	outgoing
178	05.07.2018	18	29.8875	7.89	33.7525	29.125	1.8025	0.3975	0	16:01:00	outgoing
179	05.07.2018	19	29.8333333333333	7.9	33.7233333333333	31.5333333333333	1.95333333333333	0.336666666666667	0	16:01:00	outgoing
180	05.07.2018	20	29.755	7.965	33.7075	34.2	2.125	0.3325	0.025	16:01:00	outgoing
181	05.08.2018	1	30.975	8	33.575	78.6	4.795	3.015	0	12:13:00	incoming
182	05.08.2018	2	30.96	7.99	33.6266666666667	69.7666666666667	4.25666666666667	2.36333333333333	0.0666666666666667	12:13:00	incoming
183	05.08.2018	3	30.94	7.99	33.6466666666667	67.1	4.09333333333333	1.65	0	12:13:00	incoming
184	05.08.2018	4	30.9266666666667	8.02	33.66	72.7666666666667	4.43666666666667	0.816666666666667	0	12:13:00	incoming
185	05.08.2018	5	30.9166666666667	8.02666666666667	33.63	77.1	4.71	0.87	0	12:13:00	incoming
186	05.08.2018	6	30.86	8.05666666666667	33.6566666666667	82.2	5.02	0.61	0	12:13:00	incoming
187	05.08.2018	7	30.845	8.0375	33.645	84.45	5.16	0.715	0	12:13:00	incoming
188	05.08.2018	8	30.9	7.98	33.76	70.3	4.29	0.46	0	12:13:00	incoming
189	05.08.2018	9	30.9066666666667	7.97	33.76	65.3333333333333	3.98333333333333	0.45	0	12:13:00	incoming
190	05.08.2018	10	30.9433333333333	7.94	33.8333333333333	59.8333333333333	3.64666666666667	0.493333333333333	0	12:13:00	incoming
191	05.08.2018	11	31.0366666666667	7.89333333333333	33.9233333333333	51.2	3.11666666666667	0.453333333333333	0.4	12:13:00	incoming
192	05.08.2018	12	31.1	7.83666666666667	34.0066666666667	37.6	2.28	0.526666666666667	2.4	12:13:00	incoming
193	05.08.2018	13	31.1825	7.78	34.135	22.6	1.37	0.58	1.975	12:13:00	incoming
194	05.08.2018	14	31.32	7.75	34.24	16.55	1	0.65	1.7	12:13:00	incoming
195	05.08.2018	15	31.4	7.74666666666667	34.2866666666667	17.2666666666667	1.04	0.676666666666667	0.733333333333333	12:13:00	incoming
196	05.08.2018	16	31.5466666666667	7.72	34.4166666666667	16	0.963333333333333	0.776666666666667	1.4	12:13:00	incoming
197	05.08.2018	17	31.64	7.67666666666667	34.5133333333333	8.13333333333333	0.483333333333333	0.9	2.86666666666667	12:13:00	incoming
198	05.08.2018	18	31.6833333333333	7.655	34.5566666666667	0.633333333333333	0.0366666666666667	0.978333333333333	4.86666666666667	12:13:00	incoming
199	05.08.2018	19	31.7066666666667	7.65666666666667	34.5633333333333	0	0	0.986666666666667	5.56666666666667	12:13:00	incoming
200	05.08.2018	20	31.7475	7.6725	34.61	0	0	0.965	4.725	12:13:00	incoming
201	05.09.2018	1	31.565	8.0025	33.68	81.5	4.92	0.78	0	12:57:00	incoming
202	05.09.2018	2	31.4166666666667	7.98666666666667	33.7066666666667	72.2666666666667	4.37666666666667	0.736666666666667	0	12:57:00	incoming
203	05.09.2018	3	31.46	7.93	33.74	61.1	3.695	0.8	0	12:57:00	incoming
204	05.09.2018	4	31.2866666666667	8.01666666666667	33.72	69.4333333333333	4.21	0.743333333333333	0	12:57:00	incoming
205	05.09.2018	5	31.315	7.9775	33.7125	70.35	4.2675	0.7725	0	12:57:00	incoming
206	05.09.2018	6	31.342	7.914	33.828	54.82	3.32	0.524	0.08	12:57:00	incoming
207	05.09.2018	7	31.3266666666667	7.91666666666667	33.8233333333333	49.9	3.02333333333333	0.503333333333333	0	12:57:00	incoming
208	05.09.2018	8	31.3133333333333	7.91	33.8233333333333	50	3.03	0.403333333333333	0.233333333333333	12:57:00	incoming
209	05.09.2018	9	31.3533333333333	7.87	34.0566666666667	45.5333333333333	2.75333333333333	0.536666666666667	0	12:57:00	incoming
210	05.09.2018	10	31.4866666666667	7.79333333333333	34.2433333333333	34.9333333333333	2.10666666666667	0.7	0	12:57:00	incoming
211	05.09.2018	11	31.6033333333333	7.74666666666667	34.3333333333333	24.8333333333333	1.49333333333333	0.763333333333333	0	12:57:00	incoming
212	05.09.2018	12	31.7166666666667	7.71	34.4366666666667	17.3333333333333	1.04	0.733333333333333	0	12:57:00	incoming
213	05.09.2018	13	31.75	7.7	34.4933333333333	13.7666666666667	0.823333333333333	0.766666666666667	0.0333333333333333	12:57:00	incoming
214	05.09.2018	14	31.8925	7.6475	34.6225	8.175	0.4875	0.685	0.675	12:57:00	incoming
215	05.09.2018	15	31.93	7.63	34.685	2.05	0.12	0.665	1.25	12:57:00	incoming
216	05.09.2018	16	31.8933333333333	7.63	34.6566666666667	0.733333333333333	0.0433333333333333	0.663333333333333	2.36666666666667	12:57:00	incoming
217	05.09.2018	17	31.8633333333333	7.64	34.68	0	0	0.663333333333333	2.36666666666667	12:57:00	incoming
218	05.09.2018	18	31.83	7.65	34.68	0	0	0.63	2.03333333333333	12:57:00	incoming
219	05.09.2018	19	31.8233333333333	7.65666666666667	34.65	0	0	0.633333333333333	1.93333333333333	12:57:00	incoming
220	05.09.2018	20	31.79	7.6675	34.6675	0	0	0.605	2.15	12:57:00	incoming
221	05.10.2018	1	31.775	7.955	33.725	77.25	4.65	0.915	0	14:17:00	incoming
222	05.10.2018	2	31.74	7.96	33.8066666666667	73.6666666666667	4.43666666666667	1.82	0	14:17:00	incoming
223	05.10.2018	3	31.4533333333333	7.98333333333333	33.8166666666667	74.5333333333333	4.50666666666667	1.08	0	14:17:00	incoming
224	05.10.2018	4	31.4266666666667	7.97333333333333	33.7966666666667	72.1	4.36333333333333	0.816666666666667	0	14:17:00	incoming
225	05.10.2018	5	31.47	7.94333333333333	33.8466666666667	67.8666666666667	4.10333333333333	1.00666666666667	0	14:17:00	incoming
226	05.10.2018	6	31.5066666666667	7.91666666666667	33.8866666666667	60.0666666666667	3.62333333333333	0.993333333333333	0	14:17:00	incoming
227	05.10.2018	7	31.5	7.88333333333333	33.9133333333333	50.5	3.05	1.04	0	14:17:00	incoming
228	05.10.2018	8	31.44	7.88666666666667	33.9566666666667	47.2666666666667	2.85333333333333	0.88	0	14:17:00	incoming
229	05.10.2018	9	31.46	7.87	33.9966666666667	44.1666666666667	2.67	0.77	0	14:17:00	incoming
230	05.10.2018	10	31.5766666666667	7.79333333333333	34.1633333333333	31.3666666666667	1.89	0.733333333333333	0	14:17:00	incoming
231	05.10.2018	11	31.61	7.76	34.2333333333333	22.3666666666667	1.34666666666667	0.873333333333333	0.133333333333333	14:17:00	incoming
232	05.10.2018	12	31.6266666666667	7.71	34.33	9.73333333333333	0.586666666666667	0.69	3.3	14:17:00	incoming
233	05.10.2018	13	31.5933333333333	7.68666666666667	34.43	1.86666666666667	0.106666666666667	0.45	9.13333333333333	14:17:00	incoming
234	05.10.2018	14	31.6066666666667	7.71	34.4633333333333	0	0	0.46	7.33333333333333	14:17:00	incoming
235	05.10.2018	15	31.67	7.70666666666667	34.5233333333333	0	0	0.45	4.36666666666667	14:17:00	incoming
236	05.10.2018	16	31.7566666666667	7.70666666666667	34.59	0	0	0.49	3.53333333333333	14:17:00	incoming
237	05.10.2018	17	31.86	7.70333333333333	34.65	0	0	0.52	3.13333333333333	14:17:00	incoming
238	05.10.2018	18	31.9075	7.7025	34.665	0	0	0.5025	2.375	14:17:00	incoming
239	05.10.2018	19	31.9266666666667	7.7	34.6833333333333	0	0	0.476666666666667	1.83333333333333	14:17:00	incoming
240	05.10.2018	20	31.94	7.69666666666667	34.7	0	0	0.456666666666667	1.76666666666667	14:17:00	incoming
241	05.13.2018	1	31.94	NA	33.46	104.5	6.28	0.936666666666667	0.233333333333333	13:11:00	outgoing
242	05.13.2018	2	31.6266666666667	NA	33.5266666666667	101.866666666667	6.15	1.10666666666667	0	13:11:00	outgoing
243	05.13.2018	3	31.5566666666667	NA	33.56	94.4666666666667	5.71333333333333	0.956666666666667	0	13:11:00	outgoing
244	05.13.2018	4	31.4866666666667	NA	33.4966666666667	94.5333333333333	5.72666666666667	0.926666666666667	0	13:11:00	outgoing
245	05.13.2018	5	31.405	NA	33.56	92.35	5.5975	0.9125	0	13:11:00	outgoing
246	05.13.2018	6	31.37	NA	33.515	96.8	5.87	1.32	0	13:11:00	outgoing
247	05.13.2018	7	31.3266666666667	NA	33.5366666666667	99.6	6.04666666666667	2.03666666666667	0	13:11:00	outgoing
248	05.13.2018	8	31.26	NA	33.5033333333333	107.633333333333	6.54	1.85	0	13:11:00	outgoing
249	05.13.2018	9	31.1833333333333	NA	33.5233333333333	98.3	5.98	2.16	0	13:11:00	outgoing
250	05.13.2018	10	31.065	NA	33.55	96.05	5.855	2.57	0	13:11:00	outgoing
251	05.13.2018	11	31.235	NA	33.345	96.4	5.865	4.965	0	13:11:00	outgoing
252	05.13.2018	12	30.95	NA	33.4033333333333	89.8666666666667	5.49	6.52666666666667	0	13:11:00	outgoing
253	05.13.2018	13	30.66	NA	33.585	78.15	4.79	6.075	0	13:11:00	outgoing
254	05.13.2018	14	30.65	NA	33.62	69.15	4.235	3.965	0.5	13:11:00	outgoing
255	05.13.2018	15	30.6866666666667	NA	33.61	62.8666666666667	3.85333333333333	4.09333333333333	0.0333333333333333	13:11:00	outgoing
256	05.13.2018	16	30.69	NA	33.64	58.9666666666667	3.61333333333333	3.96333333333333	0.3	13:11:00	outgoing
257	05.13.2018	17	30.76	NA	33.7866666666667	27.7	1.695	1.52	1.83333333333333	13:11:00	outgoing
258	05.13.2018	18	30.81	NA	33.8466666666667	13.55	0.825	1.16666666666667	2.46666666666667	13:11:00	outgoing
259	05.13.2018	19	30.83	NA	33.8433333333333	8.86666666666667	0.54	1.11666666666667	3.63333333333333	13:11:00	outgoing
260	05.13.2018	20	30.8566666666667	NA	33.8666666666667	4.03333333333333	0.243333333333333	0.903333333333333	6.33333333333333	13:11:00	outgoing
